0000000000000000000000111110000011111111111111000000000000000111000000000001111111100000100000001111
1111000000111011000001110000000111111100000000000000000000000001111110000011111111011111111111111111
1000000000000111111111000000000011110000011000000011110000000000001111000000001111111111111111110000
0111111111100000000000011100110000001110000001110000001111111100000011111110000000000000111110001100
0000000011100000000000000011111111011111100011111111000000011111000000000000000000000000000000000111
1111000001111111100001100000011111100000110000000111111111000001111111000001111000011111000111111111
1110001110000011111110000000000000011111111101111111111111110000000011100001111000000011111110000011
1100000000001111111100011111111111111111000111111000000000000000000011111111111111111100111111000000
0111111111111110000000001110000001111100000000000000011100000001000111111111111000001111111000000011
1111000000000000000000011100011111100000000000000000000000001110000000111100000000000000111111111111
1100000000000000000000000000000000000010000000110000000000000000111111111000001111111000000000111111